1284
1283
304
300
1279
1281
1282
306
104
96
806
100
1280
804
303
302
301
807
102
808
820
816
101
800
307
805
105
812
103
106
822
821
823
305
830
828
98
792
801
790
831
107
97
99
789
788
829
803
308
827
299
834
296
95
791
797
1276
298
824
835
311
802
309
833
832
825
1287
644
60
1273
94
798
1285
1278
796
384
793
136
765
92
260
1277
310
336
88
292
1353
787
56
134
819
320
532
113
91
1244
1286
1262
50
93
80
799
13
272
1231
1307
627
256
546
109
1015
232
840
108
47
425
295
389
297
117
112
64
1319
774
278
274
132
81
163
120
168
1347
59
180
1338
90
1269
35
68
49
1217
140
1263
48
1207
1334
284
1292
201
312
188
397
1290
1298
325
1
130
1304
23
0
1348
135
116
187
1314
152
72
208
836
83
1296
1256
238
450
1249
1322
216
1294
252
45
1356
795
1354
1315
110
138
1343
1300
74
77
1239
1329
146
1236
1265
148
1221
884
1344
204
271
78
34
1323
313
317
196
186
12
1330
198
4
240
192
67
40
22
31
58
193
1205
126
344
16
1149
119
264
782
30
20
133
1316
157
71
294
76
114
851
1339
316
1235
1336
322
131
125
251
28
82
270
1345
1309
124
63
144
160
352
329
1228
1225
916
39
358
151
154
293
1241
153
1102
1250
1229
1037
492
52
1209
269
1291
86
1240
69
363
378
190
5
1320
248
1308
1268
1351
1155
231
1242
1232
164
51
349
288
121
247
21
181
1299
268
380
174
211
401
10
1341
351
1331
335
32
139
1303
84
1260
1185
1248
265
87
159
756
1340
854
111
236
1293
1317
36
948
814
173
25
115
1253
18
340
89
1266
1252
319
261
1289
337
245
1333
183
1301
408
388
396
191
38
575
399
162
220
54
62
41
286
79
394
1215
628
2
175
279
1224
11
