304
306
1283
1284
104
300
1279
1281
1280
1282
301
806
100
96
805
305
812
804
800
307
101
102
808
816
303
807
302
822
106
820
98
830
788
828
1276
823
834
792
105
103
831
821
801
835
107
97
793
1286
829
824
791
790
802
789
308
99
309
803
299
310
832
298
92
833
1278
798
796
1285
795
838
136
827
297
336
292
94
1335
384
312
112
311
948
140
95
56
1274
1277
825
1273
129
84
180
93
836
168
28
787
88
78
259
1244
783
116
1225
819
89
797
81
1353
1287
756
1149
132
1058
774
189
148
131
351
1308
156
12
174
1188
284
120
67
60
996
1267
33
1343
1349
40
815
916
1234
871
110
149
1250
1344
113
260
1288
1342
141
153
3
773
296
194
20
1140
13
18
844
644
1221
172
268
1306
52
1318
185
1037
727
16
51
198
115
348
1347
1219
232
76
170
1307
765
1113
229
50
192
133
1301
1323
1236
85
1102
389
320
276
1205
240
71
425
4
130
396
166
328
1213
155
1256
1208
138
79
1240
184
1319
219
59
811
1331
884
