512
517
518
519
520
521
522
523
524
11
12
15
529
530
531
532
533
534
535
536
20
542
44
48
52
54
55
56
57
58
59
572
63
64
65
66
67
68
587
604
94
101
613
104
107
620
625
626
627
628
113
630
121
642
133
137
140
652
141
143
144
656
659
148
150
664
665
666
667
668
157
671
676
685
180
184
699
191
704
193
194
707
708
195
198
196
200
199
714
202
204
716
203
206
207
208
210
209
211
212
213
214
720
741
745
746
747
748
749
236
239
234
241
756
260
263
266
273
278
282
297
307
308
338
344
350
351
355
356
357
358
359
360
361
362
367
368
369
370
371
372
373
374
375
376
384
390
401
406
413
420
424
427
433
462
703
472
705
197
706
709
499
201
